# Start and end vertices
1 20

# Vertices (Nodes)
1 3.4 5.7
2 6.7 8.1
3 12.3 4.5
4 9.1 20.5
5 25.0 1.2
6 14.8 13.2
7 18.7 9.4
8 7.2 27.3
9 30.1 18.2
10 22.9 25.5
11 17.6 21.0
12 26.5 3.8
13 2.4 15.1
14 11.0 10.3
15 29.7 12.9
16 5.3 22.7
17 8.9 28.4
18 23.6 6.0
19 19.2 30.0
20 16.4 16.9

# Edges (Connections between vertices), Costs, and Heuristics
1 2 3.0
1 3 4.0
2 4 2.5
2 5 3.5
3 6 1.7
3 7 2.2
4 8 2.0
4 9 2.8
5 10 2.3
5 11 3.2
6 12 3.1
6 13 4.0
7 14 1.8
7 15 3.5
8 16 2.9
8 17 3.1
9 18 2.4
9 19 2.7
10 20 3.0
10 16 3.8
11 18 3.5
11 15 4.2
12 17 3.3
12 19 4.0
13 14 2.2
13 20 2.7
14 16 2.5
15 18 3.7
16 19 2.9
17 20 1.5