# Start and end vertices
25 330

# Vertices
0 0 0
1 2 0
2 4 0
3 6 0
4 8 0
5 10 0
6 12 0
7 14 0
8 16 0
9 18 0
10 20 0
11 22 0
12 24 0
13 26 0
14 28 0
15 30 0
16 32 0
17 34 0
18 36 0
19 38 0
20 0 2
21 2 2
22 4 2
23 6 2
24 8 2
25 10 2
26 12 2
27 14 2
28 16 2
29 18 2
30 20 2
31 22 2
32 24 2
33 26 2
34 28 2
35 30 2
36 32 2
37 34 2
38 36 2
39 38 2
40 0 4
41 2 4
42 4 4
43 6 4
44 8 4
45 10 4
46 12 4
47 14 4
48 16 4
49 18 4
50 20 4
51 22 4
52 24 4
53 26 4
54 28 4
55 30 4
56 32 4
57 34 4
58 36 4
59 38 4
60 0 6
61 2 6
62 4 6
63 6 6
64 8 6
65 10 6
66 12 6
67 14 6
68 16 6
69 18 6
70 20 6
71 22 6
72 24 6
73 26 6
74 28 6
75 30 6
76 32 6
77 34 6
78 36 6
79 38 6
80 0 8
81 2 8
82 4 8
83 6 8
84 8 8
85 10 8
86 12 8
87 14 8
88 16 8
89 18 8
90 20 8
91 22 8
92 24 8
93 26 8
94 28 8
95 30 8
96 32 8
97 34 8
98 36 8
99 38 8
100 0 10
101 2 10
102 4 10
103 6 10
104 8 10
105 10 10
106 12 10
107 14 10
108 16 10
109 18 10
110 20 10
111 22 10
112 24 10
113 26 10
114 28 10
115 30 10
116 32 10
117 34 10
118 36 10
119 38 10
120 0 12
121 2 12
122 4 12
123 6 12
124 8 12
125 10 12
126 12 12
127 14 12
128 16 12
129 18 12
130 20 12
131 22 12
132 24 12
133 26 12
134 28 12
135 30 12
136 32 12
137 34 12
138 36 12
139 38 12
140 0 14
141 2 14
142 4 14
143 6 14
144 8 14
145 10 14
146 12 14
147 14 14
148 16 14
149 18 14
150 20 14
151 22 14
152 24 14
153 26 14
154 28 14
155 30 14
156 32 14
157 34 14
158 36 14
159 38 14
160 0 16
161 2 16
162 4 16
163 6 16
164 8 16
165 10 16
166 12 16
167 14 16
168 16 16
169 18 16
170 20 16
171 22 16
172 24 16
173 26 16
174 28 16
175 30 16
176 32 16
177 34 16
178 36 16
179 38 16
180 0 18
181 2 18
182 4 18
183 6 18
184 8 18
185 10 18
186 12 18
187 14 18
188 16 18
189 18 18
190 20 18
191 22 18
192 24 18
193 26 18
194 28 18
195 30 18
196 32 18
197 34 18
198 36 18
199 38 18
200 0 20
201 2 20
202 4 20
203 6 20
204 8 20
205 10 20
206 12 20
207 14 20
208 16 20
209 18 20
210 20 20
211 22 20
212 24 20
213 26 20
214 28 20
215 30 20
216 32 20
217 34 20
218 36 20
219 38 20
220 0 22
221 2 22
222 4 22
223 6 22
224 8 22
225 10 22
226 12 22
227 14 22
228 16 22
229 18 22
230 20 22
231 22 22
232 24 22
233 26 22
234 28 22
235 30 22
236 32 22
237 34 22
238 36 22
239 38 22
240 0 24
241 2 24
242 4 24
243 6 24
244 8 24
245 10 24
246 12 24
247 14 24
248 16 24
249 18 24
250 20 24
251 22 24
252 24 24
253 26 24
254 28 24
255 30 24
256 32 24
257 34 24
258 36 24
259 38 24
260 0 26
261 2 26
262 4 26
263 6 26
264 8 26
265 10 26
266 12 26
267 14 26
268 16 26
269 18 26
270 20 26
271 22 26
272 24 26
273 26 26
274 28 26
275 30 26
276 32 26
277 34 26
278 36 26
279 38 26
280 0 28
281 2 28
282 4 28
283 6 28
284 8 28
285 10 28
286 12 28
287 14 28
288 16 28
289 18 28
290 20 28
291 22 28
292 24 28
293 26 28
294 28 28
295 30 28
296 32 28
297 34 28
298 36 28
299 38 28
300 0 30
301 2 30
302 4 30
303 6 30
304 8 30
305 10 30
306 12 30
307 14 30
308 16 30
309 18 30
310 20 30
311 22 30
312 24 30
313 26 30
314 28 30
315 30 30
316 32 30
317 34 30
318 36 30
319 38 30
320 0 32
321 2 32
322 4 32
323 6 32
324 8 32
325 10 32
326 12 32
327 14 32
328 16 32
329 18 32
330 20 32
331 22 32
332 24 32
333 26 32
334 28 32
335 30 32
336 32 32
337 34 32
338 36 32
339 38 32
340 0 34
341 2 34
342 4 34
343 6 34
344 8 34
345 10 34
346 12 34
347 14 34
348 16 34
349 18 34
350 20 34
351 22 34
352 24 34
353 26 34
354 28 34
355 30 34
356 32 34
357 34 34
358 36 34
359 38 34
360 0 36
361 2 36
362 4 36
363 6 36
364 8 36
365 10 36
366 12 36
367 14 36
368 16 36
369 18 36
370 20 36
371 22 36
372 24 36
373 26 36
374 28 36
375 30 36
376 32 36
377 34 36
378 36 36
379 38 36
380 0 38
381 2 38
382 4 38
383 6 38
384 8 38
385 10 38
386 12 38
387 14 38
388 16 38
389 18 38
390 20 38
391 22 38
392 24 38
393 26 38
394 28 38
395 30 38
396 32 38
397 34 38
398 36 38
399 38 38

# Edges
20 0 3
20 40 6
20 21 17
21 1 15
21 41 13
21 20 15
21 22 6
22 2 12
22 42 9
22 21 1
22 23 2
23 3 7
23 43 10
23 22 19
23 24 3
24 4 6
24 44 0
24 23 6
24 25 12
25 5 16
25 45 11
25 24 8
25 26 7
26 6 9
26 46 2
26 25 10
26 27 2
27 7 3
27 47 7
27 26 15
27 28 9
28 8 2
28 48 2
28 27 18
28 29 9
29 9 7
29 49 13
29 28 16
29 30 11
30 10 2
30 50 9
30 29 13
30 31 1
31 11 19
31 51 4
31 30 17
31 32 18
32 12 4
32 52 15
32 31 10
32 33 13
33 13 6
33 53 11
33 32 0
33 34 16
34 14 13
34 54 2
34 33 10
34 35 16
35 15 1
35 55 5
35 34 5
35 36 4
36 16 7
36 56 16
36 35 5
36 37 6
37 17 9
37 57 13
37 36 17
37 38 4
38 18 15
38 58 2
38 37 5
38 39 14
39 19 7
39 59 14
39 38 4
40 20 3
40 60 10
40 41 7
41 21 8
41 61 16
41 40 18
41 42 8
42 22 4
42 62 3
42 41 11
42 43 14
43 23 19
43 63 12
43 42 0
43 44 16
44 24 8
44 64 19
44 43 12
44 45 6
45 25 6
45 65 14
45 44 19
45 46 15
46 26 10
46 66 14
46 45 18
46 47 7
47 27 1
47 67 17
47 46 2
47 48 17
48 28 12
48 68 12
48 47 16
48 49 1
49 29 0
49 69 6
49 48 1
49 50 5
50 30 9
50 70 4
50 49 19
50 51 0
51 31 9
51 71 11
51 50 17
51 52 17
52 32 11
52 72 1
52 51 15
52 53 9
53 33 7
53 73 7
53 52 16
53 54 17
54 34 13
54 74 6
54 53 5
54 55 6
55 35 3
55 75 19
55 54 4
55 56 8
56 36 11
56 76 12
56 55 9
56 57 3
57 37 19
57 77 10
57 56 8
57 58 8
58 38 15
58 78 0
58 57 9
58 59 16
59 39 3
59 79 18
59 58 5
60 40 6
60 80 11
60 61 1
61 41 15
61 81 19
61 60 8
61 62 4
62 42 8
62 82 1
62 61 10
62 63 13
63 43 0
63 83 14
63 62 4
63 64 4
64 44 14
64 84 7
64 63 16
64 65 3
65 45 11
65 85 7
65 64 5
65 66 19
66 46 16
66 86 12
66 65 11
66 67 17
67 47 8
67 87 15
67 66 7
67 68 14
68 48 1
68 88 18
68 67 15
68 69 9
69 49 17
69 89 15
69 68 13
69 70 18
70 50 8
70 90 3
70 69 11
70 71 8
71 51 9
71 91 16
71 70 4
71 72 3
72 52 3
72 92 13
72 71 18
72 73 6
73 53 0
73 93 4
73 72 18
73 74 8
74 54 8
74 94 9
74 73 17
74 75 17
75 55 16
75 95 4
75 74 3
75 76 10
76 56 3
76 96 10
76 75 19
76 77 12
77 57 5
77 97 4
77 76 10
77 78 5
78 58 19
78 98 14
78 77 6
78 79 9
79 59 2
79 99 2
79 78 4
80 60 17
80 100 7
80 81 15
81 61 4
81 101 8
81 80 11
81 82 2
82 62 8
82 102 19
82 81 3
82 83 6
83 63 8
83 103 0
83 82 2
83 84 11
84 64 10
84 104 5
84 83 1
84 85 1
85 65 10
85 105 18
85 84 5
85 86 0
86 66 16
86 106 4
86 85 6
86 87 2
87 67 5
87 107 8
87 86 16
87 88 2
88 68 18
88 108 4
88 87 17
88 89 2
89 69 4
89 109 0
89 88 16
89 90 12
90 70 19
90 110 19
90 89 10
90 91 8
91 71 11
91 111 13
91 90 11
91 92 1
92 72 10
92 112 13
92 91 14
92 93 0
93 73 3
93 113 19
93 92 1
93 94 19
94 74 16
94 114 19
94 93 13
94 95 13
95 75 8
95 115 10
95 94 15
95 96 6
96 76 6
96 116 4
96 95 0
96 97 10
97 77 4
97 117 16
97 96 2
97 98 16
98 78 7
98 118 5
98 97 16
98 99 19
99 79 18
99 119 7
99 98 12
100 80 8
100 120 12
100 101 19
101 81 9
101 121 16
101 100 10
101 102 2
102 82 7
102 122 6
102 101 1
102 103 13
103 83 12
103 123 1
103 102 15
103 104 19
104 84 19
104 124 1
104 103 4
104 105 19
105 85 11
105 125 0
105 104 7
105 106 5
106 86 8
106 126 7
106 105 10
106 107 4
107 87 18
107 127 0
107 106 4
107 108 2
108 88 9
108 128 16
108 107 1
108 109 10
109 89 4
109 129 12
109 108 12
109 110 12
110 90 10
110 130 5
110 109 5
110 111 2
111 91 19
111 131 0
111 110 2
111 112 18
112 92 13
112 132 18
112 111 10
112 113 4
113 93 10
113 133 9
113 112 1
113 114 19
114 94 16
114 134 12
114 113 15
114 115 14
115 95 4
115 135 19
115 114 9
115 116 13
116 96 16
116 136 10
116 115 15
116 117 0
117 97 2
117 137 19
117 116 4
117 118 13
118 98 5
118 138 1
118 117 7
118 119 4
119 99 13
119 139 1
119 118 14
120 100 6
120 140 19
120 121 4
121 101 2
121 141 2
121 120 6
121 122 4
122 102 1
122 142 2
122 121 8
122 123 8
123 103 9
123 143 12
123 122 8
123 124 18
124 104 18
124 144 16
124 123 8
124 125 13
125 105 8
125 145 3
125 124 13
125 126 13
126 106 8
126 146 10
126 125 14
126 127 7
127 107 6
127 147 8
127 126 9
127 128 0
128 108 6
128 148 8
128 127 17
128 129 9
129 109 10
129 149 3
129 128 13
129 130 3
130 110 17
130 150 13
130 129 12
130 131 6
131 111 5
131 151 12
131 130 16
131 132 15
132 112 8
132 152 17
132 131 9
132 133 16
133 113 0
133 153 14
133 132 1
133 134 0
134 114 4
134 154 8
134 133 7
134 135 10
135 115 8
135 155 16
135 134 2
135 136 14
136 116 17
136 156 19
136 135 3
136 137 19
137 117 2
137 157 8
137 136 3
137 138 0
138 118 1
138 158 7
138 137 18
138 139 19
139 119 11
139 159 15
139 138 14
140 120 19
140 160 12
140 141 15
141 121 7
141 161 4
141 140 9
141 142 9
142 122 4
142 162 5
142 141 9
142 143 3
143 123 15
143 163 17
143 142 0
143 144 18
144 124 11
144 164 9
144 143 9
144 145 7
145 125 8
145 165 12
145 144 15
145 146 3
146 126 4
146 166 9
146 145 10
146 147 2
147 127 0
147 167 1
147 146 9
147 148 6
148 128 12
148 168 1
148 147 2
148 149 0
149 129 17
149 169 3
149 148 1
149 150 1
150 130 9
150 170 10
150 149 5
150 151 16
151 131 7
151 171 17
151 150 14
151 152 10
152 132 6
152 172 4
152 151 17
152 153 14
153 133 8
153 173 5
153 152 18
153 154 12
154 134 6
154 174 0
154 153 6
154 155 6
155 135 14
155 175 16
155 154 12
155 156 18
156 136 9
156 176 6
156 155 10
156 157 7
157 137 10
157 177 11
157 156 0
157 158 11
158 138 13
158 178 17
158 157 7
158 159 12
159 139 6
159 179 14
159 158 15
160 140 12
160 180 10
160 161 12
161 141 19
161 181 10
161 160 9
161 162 9
162 142 14
162 182 15
162 161 1
162 163 0
163 143 13
163 183 7
163 162 8
163 164 18
164 144 6
164 184 10
164 163 4
164 165 16
165 145 17
165 185 6
165 164 0
165 166 9
166 146 17
166 186 5
166 165 19
166 167 17
167 147 18
167 187 5
167 166 3
167 168 13
168 148 18
168 188 13
168 167 17
168 169 9
169 149 3
169 189 7
169 168 18
169 170 17
170 150 14
170 190 11
170 169 9
170 171 0
171 151 19
171 191 18
171 170 18
171 172 5
172 152 8
172 192 14
172 171 13
172 173 17
173 153 1
173 193 13
173 172 18
173 174 10
174 154 19
174 194 17
174 173 19
174 175 9
175 155 3
175 195 2
175 174 14
175 176 13
176 156 7
176 196 11
176 175 2
176 177 2
177 157 10
177 197 12
177 176 11
177 178 17
178 158 15
178 198 1
178 177 17
178 179 14
179 159 11
179 199 7
179 178 11
180 160 11
180 200 1
180 181 17
181 161 0
181 201 14
181 180 10
181 182 18
182 162 5
182 202 1
182 181 16
182 183 16
183 163 2
183 203 11
183 182 19
183 184 16
184 164 4
184 204 18
184 183 0
184 185 18
185 165 1
185 205 10
185 184 2
185 186 12
186 166 19
186 206 17
186 185 5
186 187 16
187 167 4
187 207 16
187 186 3
187 188 7
188 168 19
188 208 17
188 187 4
188 189 19
189 169 11
189 209 7
189 188 10
189 190 16
190 170 0
190 210 18
190 189 5
190 191 3
191 171 9
191 211 4
191 190 11
191 192 5
192 172 14
192 212 11
192 191 15
192 193 15
193 173 14
193 213 9
193 192 8
193 194 13
194 174 18
194 214 5
194 193 2
194 195 2
195 175 2
195 215 17
195 194 10
195 196 13
196 176 14
196 216 6
196 195 13
196 197 6
197 177 13
197 217 3
197 196 14
197 198 14
198 178 13
198 218 19
198 197 17
198 199 2
199 179 15
199 219 8
199 198 19
200 180 10
200 220 12
200 201 14
201 181 17
201 221 6
201 200 15
201 202 17
202 182 11
202 222 13
202 201 3
202 203 13
203 183 8
203 223 5
203 202 11
203 204 10
204 184 18
204 224 17
204 203 16
204 205 3
205 185 15
205 225 10
205 204 18
205 206 10
206 186 4
206 226 11
206 205 1
206 207 13
207 187 5
207 227 9
207 206 13
207 208 4
208 188 11
208 228 5
208 207 10
208 209 8
209 189 3
209 229 5
209 208 6
209 210 15
210 190 19
210 230 9
210 209 0
210 211 7
211 191 6
211 231 3
211 210 17
211 212 16
212 192 1
212 232 5
212 211 0
212 213 16
213 193 15
213 233 10
213 212 18
213 214 11
214 194 2
214 234 12
214 213 16
214 215 19
215 195 1
215 235 10
215 214 4
215 216 12
216 196 7
216 236 14
216 215 0
216 217 3
217 197 12
217 237 18
217 216 10
217 218 3
218 198 7
218 238 10
218 217 10
218 219 13
219 199 14
219 239 19
219 218 2
220 200 7
220 240 4
220 221 2
221 201 15
221 241 12
221 220 4
221 222 14
222 202 3
222 242 18
222 221 6
222 223 0
223 203 18
223 243 19
223 222 2
223 224 2
224 204 3
224 244 1
224 223 8
224 225 3
225 205 4
225 245 12
225 224 2
225 226 14
226 206 15
226 246 1
226 225 17
226 227 5
227 207 7
227 247 11
227 226 16
227 228 9
228 208 18
228 248 1
228 227 3
228 229 13
229 209 13
229 249 20
229 228 19
229 230 8
230 210 6
230 250 17
230 229 0
230 231 4
231 211 8
231 251 14
231 230 18
231 232 11
232 212 16
232 252 18
232 231 15
232 233 12
233 213 11
233 253 9
233 232 19
233 234 6
234 214 10
234 254 16
234 233 4
234 235 9
235 215 19
235 255 0
235 234 18
235 236 9
236 216 13
236 256 1
236 235 14
236 237 18
237 217 9
237 257 6
237 236 7
237 238 7
238 218 3
238 258 7
238 237 11
238 239 12
239 219 2
239 259 1
239 238 15
240 220 10
240 260 19
240 241 10
241 221 14
241 261 10
241 240 11
241 242 13
242 222 17
242 262 14
242 241 1
242 243 1
243 223 3
243 263 0
243 242 13
243 244 2
244 224 1
244 264 7
244 243 15
244 245 16
245 225 5
245 265 4
245 244 2
245 246 12
246 226 11
246 266 17
246 245 12
246 247 14
247 227 1
247 267 6
247 246 15
247 248 17
248 228 8
248 268 15
248 247 19
248 249 2
249 229 17
249 269 3
249 248 16
249 250 14
250 230 17
250 270 9
250 249 7
250 251 12
251 231 2
251 271 1
251 250 6
251 252 3
252 232 0
252 272 2
252 251 11
252 253 5
253 233 6
253 273 5
253 252 10
253 254 10
254 234 3
254 274 14
254 253 16
254 255 16
255 235 0
255 275 12
255 254 5
255 256 8
256 236 19
256 276 5
256 255 10
256 257 16
257 237 0
257 277 18
257 256 3
257 258 17
258 238 8
258 278 2
258 257 1
258 259 10
259 239 15
259 279 8
259 258 5
260 240 15
260 280 10
260 261 17
261 241 13
261 281 8
261 260 2
261 262 3
262 242 10
262 282 17
262 261 17
262 263 7
263 243 6
263 283 9
263 262 11
263 264 11
264 244 9
264 284 10
264 263 8
264 265 19
265 245 18
265 285 8
265 264 10
265 266 13
266 246 17
266 286 10
266 265 16
266 267 19
267 247 12
267 287 11
267 266 7
267 268 17
268 248 19
268 288 17
268 267 6
268 269 12
269 249 17
269 289 1
269 268 15
269 270 8
270 250 18
270 290 4
270 269 15
270 271 16
271 251 5
271 291 6
271 270 8
271 272 14
272 252 8
272 292 8
272 271 13
272 273 18
273 253 17
273 293 15
273 272 12
273 274 14
274 254 5
274 294 0
274 273 5
274 275 17
275 255 3
275 295 12
275 274 7
275 276 2
276 256 1
276 296 13
276 275 14
276 277 19
277 257 14
277 297 1
277 276 19
277 278 5
278 258 17
278 298 14
278 277 1
278 279 2
279 259 12
279 299 1
279 278 16
280 260 12
280 300 10
280 281 2
281 261 2
281 301 19
281 280 17
281 282 14
282 262 13
282 302 15
282 281 6
282 283 11
283 263 4
283 303 10
283 282 3
283 284 11
284 264 12
284 304 17
284 283 17
284 285 19
285 265 8
285 305 11
285 284 0
285 286 7
286 266 16
286 306 10
286 285 1
286 287 10
287 267 12
287 307 5
287 286 11
287 288 9
288 268 17
288 308 1
288 287 3
288 289 11
289 269 12
289 309 0
289 288 6
289 290 18
290 270 7
290 310 4
290 289 9
290 291 12
291 271 14
291 311 4
291 290 15
291 292 19
292 272 1
292 312 12
292 291 18
292 293 9
293 273 16
293 313 10
293 292 16
293 294 4
294 274 0
294 314 9
294 293 14
294 295 5
295 275 14
295 315 6
295 294 6
295 296 3
296 276 19
296 316 9
296 295 15
296 297 12
297 277 1
297 317 13
297 296 10
297 298 9
298 278 9
298 318 11
298 297 13
298 299 4
299 279 15
299 319 8
299 298 15
300 280 17
300 320 13
300 301 13
301 281 18
301 321 9
301 300 15
301 302 15
302 282 13
302 322 8
302 301 16
302 303 0
303 283 13
303 323 3
303 302 6
303 304 11
304 284 18
304 324 17
304 303 0
304 305 5
305 285 1
305 325 1
305 304 10
305 306 3
306 286 10
306 326 0
306 305 14
306 307 15
307 287 4
307 327 2
307 306 4
307 308 19
308 288 19
308 328 9
308 307 4
308 309 9
309 289 18
309 329 11
309 308 16
309 310 3
310 290 19
310 330 13
310 309 3
310 311 4
311 291 16
311 331 1
311 310 15
311 312 6
312 292 11
312 332 7
312 311 12
312 313 12
313 293 9
313 333 2
313 312 8
313 314 11
314 294 2
314 334 14
314 313 7
314 315 18
315 295 16
315 335 3
315 314 17
315 316 7
316 296 12
316 336 13
316 315 17
316 317 2
317 297 5
317 337 13
317 316 17
317 318 16
318 298 18
318 338 1
318 317 13
318 319 6
319 299 14
319 339 0
319 318 13
320 300 5
320 340 8
320 321 5
321 301 10
321 341 9
321 320 19
321 322 18
322 302 0
322 342 2
322 321 4
322 323 19
323 303 0
323 343 1
323 322 2
323 324 10
324 304 0
324 344 6
324 323 3
324 325 9
325 305 0
325 345 8
325 324 3
325 326 18
326 306 17
326 346 13
326 325 11
326 327 10
327 307 0
327 347 5
327 326 10
327 328 13
328 308 11
328 348 18
328 327 10
328 329 1
329 309 7
329 349 9
329 328 11
329 330 0
330 310 3
330 350 15
330 329 19
330 331 4
331 311 8
331 351 14
331 330 6
331 332 9
332 312 12
332 352 9
332 331 10
332 333 13
333 313 10
333 353 13
333 332 3
333 334 7
334 314 19
334 354 14
334 333 9
334 335 19
335 315 11
335 355 19
335 334 4
335 336 2
336 316 10
336 356 6
336 335 15
336 337 9
337 317 15
337 357 6
337 336 1
337 338 11
338 318 14
338 358 13
338 337 7
338 339 2
339 319 7
339 359 13
339 338 3
340 320 19
340 360 2
340 341 14
341 321 4
341 361 4
341 340 19
341 342 19
342 322 3
342 362 18
342 341 13
342 343 12
343 323 9
343 363 5
343 342 4
343 344 13
344 324 19
344 364 14
344 343 19
344 345 15
345 325 15
345 365 7
345 344 13
345 346 9
346 326 10
346 366 7
346 345 2
346 347 17
347 327 2
347 367 9
347 346 10
347 348 5
348 328 0
348 368 4
348 347 11
348 349 17
349 329 9
349 369 3
349 348 16
349 350 12
350 330 1
350 370 2
350 349 5
350 351 3
351 331 19
351 371 1
351 350 8
351 352 18
352 332 7
352 372 0
352 351 5
352 353 2
353 333 7
353 373 19
353 352 11
353 354 9
354 334 6
354 374 13
354 353 6
354 355 8
355 335 14
355 375 16
355 354 6
355 356 7
356 336 12
356 376 17
356 355 4
356 357 1
357 337 0
357 377 0
357 356 6
357 358 14
358 338 14
358 378 3
358 357 17
358 359 13
359 339 4
359 379 17
359 358 12
360 340 11
360 380 17
360 361 9
361 341 5
361 381 16
361 360 8
361 362 9
362 342 5
362 382 15
362 361 2
362 363 11
363 343 15
363 383 9
363 362 19
363 364 1
364 344 16
364 384 12
364 363 11
364 365 0
365 345 5
365 385 3
365 364 12
365 366 11
366 346 9
366 386 7
366 365 6
366 367 18
367 347 12
367 387 10
367 366 16
367 368 4
368 348 13
368 388 13
368 367 6
368 369 19
369 349 10
369 389 14
369 368 8
369 370 15
370 350 1
370 390 2
370 369 19
370 371 17
371 351 3
371 391 18
371 370 10
371 372 19
372 352 2
372 392 13
372 371 11
372 373 8
373 353 17
373 393 4
373 372 11
373 374 6
374 354 3
374 394 18
374 373 5
374 375 15
375 355 0
375 395 1
375 374 12
375 376 6
376 356 14
376 396 18
376 375 5
376 377 16
377 357 12
377 397 5
377 376 12
377 378 6
378 358 19
378 398 11
378 377 3
378 379 3
379 359 1
379 399 5
379 378 2

