# Start and end vertices
25 201

# Vertices
0 87 84
1 16 78
2 36 94
3 93 87
4 22 50
5 28 63
6 60 91
7 27 64
8 27 41
9 37 73
10 69 12
11 30 68
12 31 83
13 24 63
14 36 68
15 3 30
16 59 23
17 68 70
18 57 94
19 43 12
20 74 30
21 20 22
22 38 85
23 25 99
24 71 16
25 27 14
26 81 92
27 74 57
28 71 63
29 82 97
30 26 6
31 28 85
32 6 37
33 30 47
34 58 14
35 96 25
36 46 83
37 68 15
38 65 35
39 51 44
40 9 88
41 79 77
42 85 89
43 52 4
44 100 55
45 61 33
46 69 77
47 13 40
48 87 27
49 40 95
50 71 96
51 79 35
52 2 68
53 3 98
54 93 18
55 57 53
56 81 2
57 42 87
58 90 66
59 20 45
60 30 41
61 18 32
62 72 98
63 76 82
64 28 10
65 57 68
66 54 98
67 66 87
68 84 7
69 25 20
70 72 29
71 30 33
72 20 4
73 69 71
74 16 9
75 50 41
76 24 97
77 46 19
78 52 47
79 56 22
80 89 80
81 29 65
82 51 42
83 1 94
84 65 35
85 15 25
86 57 88
87 92 44
88 66 28
89 37 60
90 52 33
91 29 38
92 8 76
93 22 75
94 96 59
95 38 30
96 94 36
97 29 19
98 12 44
99 30 29
100 5 77
101 64 44
102 39 14
103 41 7
104 19 5
105 89 29
106 18 70
107 97 18
108 44 25
109 84 71
110 100 91
111 26 73
112 91 45
113 40 6
114 87 55
115 83 70
116 65 43
117 8 98
118 5 56
119 12 49
120 29 23
121 44 100
122 69 47
123 23 41
124 11 12
125 2 6
126 31 62
127 6 79
128 37 21
129 27 45
130 66 23
131 17 9
132 59 83
133 38 25
134 25 63
135 37 1
136 100 53
137 51 80
138 72 69
139 32 74
140 31 82
141 95 34
142 64 61
143 82 100
144 97 100
145 74 60
146 69 14
147 96 91
148 67 27
149 41 85
150 85 91
151 43 77
152 8 37
153 57 46
154 19 80
155 13 88
156 73 49
157 10 60
158 11 37
159 88 43
160 2 7
161 73 14
162 56 22
163 100 20
164 5 22
165 12 40
166 68 41
167 29 6
168 51 28
169 59 85
170 25 21
171 70 23
172 82 97
173 85 31
174 73 93
175 51 73
176 86 26
177 100 23
178 43 41
179 14 99
180 91 99
181 91 25
182 82 10
183 37 20
184 56 33
185 5 95
186 70 80
187 77 74
188 56 51
189 43 61
190 85 80
191 6 94
192 68 22
193 14 5
194 55 62
195 60 27
196 3 45
197 7 3
198 22 85
199 69 43
200 90 29
201 9 73
202 99 59
203 9 37
204 49 54
205 34 4
206 49 34
207 55 91
208 47 68
209 30 69
210 47 1
211 98 89
212 91 50
213 34 4
214 98 64
215 93 54
216 26 87
217 97 53
218 89 76
219 30 58
220 61 37
221 22 15
222 5 61
223 28 29
224 49 51
225 3 57
226 98 95
227 44 100
228 3 40
229 4 29
230 82 1
231 39 48
232 52 60
233 35 36
234 93 40
235 28 16
236 30 5
237 65 50
238 30 86
239 36 44
240 1 78
241 72 39
242 90 50
243 89 68
244 96 93
245 45 44
246 91 30
247 41 83
248 70 42
249 33 27
250 43 62
251 18 61
252 62 24
253 10 82
254 26 91
255 68 97
256 35 78
257 27 91
258 58 25
259 69 15
260 59 6
261 87 13
262 47 1
263 95 27
264 53 17
265 30 79
266 91 47
267 71 48
268 81 52
269 94 32
270 28 58
271 87 13
272 56 15
273 91 13
274 80 13
275 70 11
276 75 90
277 42 56
278 34 21
279 89 88
280 67 39
281 85 71
282 18 57
283 61 7
284 38 50
285 60 6
286 19 18
287 84 46
288 59 74
289 38 74
290 84 90
291 79 8
292 15 58
293 30 72
294 60 1
295 39 19
296 89 26
297 34 75
298 82 58
299 59 94
300 100 71
301 40 18
302 64 70
303 95 23
304 48 74
305 63 32
306 91 83
307 92 93
308 16 58
309 58 22
310 92 75
311 52 48
312 22 32
313 41 38
314 31 55
315 26 99
316 17 82
317 3 17
318 40 32
319 5 97
320 81 39
321 22 19
322 63 71
323 80 13
324 86 78
325 5 37
326 84 77
327 60 8
328 45 58
329 12 100
330 51 28
331 61 37
332 6 19
333 50 64
334 12 45
335 35 6
336 76 92
337 15 56
338 69 90
339 19 94
340 83 6
341 83 23
342 31 18
343 75 94
344 94 27
345 54 87
346 75 44
347 14 15
348 78 80
349 76 63
350 20 89
351 33 11
352 18 95
353 36 47
354 92 38
355 44 54
356 29 74
357 92 26
358 19 11
359 37 18
360 56 64
361 59 91
362 5 31
363 62 72
364 86 34
365 74 90
366 52 5
367 51 6
368 4 69
369 7 86
370 40 96
371 21 50
372 27 68
373 78 64
374 82 97
375 61 66
376 56 37
377 19 71
378 43 12
379 97 33
380 22 80
381 85 71
382 28 73
383 41 35
384 73 84
385 31 99
386 48 64
387 31 51
388 15 74
389 23 60
390 25 48
391 36 83
392 5 33
393 44 55
394 87 99
395 79 41
396 63 60
397 84 63
398 49 42
399 25 24
400 23 73
401 36 55
402 58 22
403 48 66
404 77 72
405 19 70
406 4 2
407 34 54
408 60 8
409 7 29
410 21 98
411 9 85
412 99 35
413 77 92
414 16 99
415 72 53
416 60 90
417 11 7
418 25 17
419 40 10
420 79 1
421 54 10
422 15 82
423 90 39
424 68 27
425 24 48
426 32 88
427 23 33
428 76 82
429 80 51
430 55 91
431 32 51
432 58 14
433 82 95
434 4 82
435 34 21
436 82 83
437 16 88
438 26 97
439 23 5
440 52 93
441 33 98
442 82 35
443 16 7
444 9 58
445 100 96
446 98 63
447 77 84
448 78 55
449 88 10
450 83 33
451 67 22
452 61 64
453 12 83
454 87 86
455 31 86
456 84 91
457 77 15
458 21 17
459 26 93
460 40 29
461 91 26
462 61 37
463 44 19
464 29 38
465 22 83
466 56 11
467 26 89
468 71 16
469 54 38
470 23 9
471 51 84
472 98 58
473 27 28
474 72 70
475 50 52
476 29 11
477 99 40
478 11 89
479 78 94
480 77 91
481 53 100
482 88 32
483 100 78
484 67 58
485 18 53
486 36 42
487 99 69
488 96 85
489 6 77
490 29 67
491 29 55
492 94 9
493 98 79
494 73 56
495 46 75
496 26 1
497 84 98
498 28 13
499 22 83

# optimal path edges
193 334 9
334 421 9
485 457 4
261 262 2
41 216 2
350 162 2
399 217 4
173 15 6
351 364 0
263 491 2
37 37 9
328 371 0
487 356 0
341 470 2
165 11 9
17 361 3
351 112 0
6 138 7
364 489 2
154 104 5
179 141 2
38 469 6
170 456 4
260 149 4
465 314 6
386 183 9
469 35 2
121 393 0
289 109 1
173 264 5
48 295 7
313 333 8
449 355 5
293 468 6
460 433 3
286 171 8
177 140 5
181 261 0
323 50 0
454 75 4
42 124 9
419 289 4
469 238 1
476 383 9
133 343 4
456 481 5
166 11 7
412 192 9
402 368 1
2 174 7
218 216 3
377 487 2
73 457 2
125 433 7
496 418 1
153 226 4
480 393 5
448 305 0
29 59 8
160 62 4
219 280 1
402 10 0
226 83 9
140 208 3
438 57 3
431 210 0
405 190 3
391 138 0
421 167 9
171 180 3
95 399 4
88 154 6
69 232 9
210 373 0
433 163 7
279 94 9
499 351 9
464 242 0
86 15 9
415 186 1
11 134 3
387 222 7
273 143 9
242 354 4
124 139 9
63 418 3
212 269 5
404 233 9
234 319 5
435 87 3
169 450 7
302 337 2
89 110 5
460 204 1
57 329 3
316 392 1
22 105 3
79 361 8
378 447 0
45 382 7
399 51 9
386 353 6
448 294 6
6 107 2
417 164 1
320 480 6
494 354 3
437 433 4
317 312 1
17 209 5
156 108 9
245 495 2
171 295 9
59 301 6
152 71 0
425 243 2
91 89 7
66 378 2
50 196 4
333 213 6
499 370 4
68 115 1
342 139 7
263 198 0
439 202 3
131 128 7
304 71 6
183 138 5
495 40 1
472 226 4
158 225 6
452 145 2
446 339 1
383 103 1
325 42 6
339 174 4
96 330 7
294 13 7
19 360 0
292 332 6
279 490 3
135 295 8
107 241 7
70 476 0
84 301 3
300 492 9
496 440 9
263 235 4
373 106 4
23 251 9
251 30 9
204 165 6
302 125 9
91 47 7
484 131 1
419 431 3
28 427 4
319 43 1
123 268 7
139 143 8
488 394 0
180 98 6
18 252 3
98 195 0
5 179 2
66 98 5
472 478 3
466 297 8
47 272 6
86 412 9
377 400 3
197 432 3
35 451 7
498 49 4
361 406 4
3 325 4
428 297 3
133 115 0
381 14 5
397 100 7
408 329 9
313 379 4
316 414 5
275 265 6
430 126 2
116 129 9
252 409 6
15 395 3
428 276 7
113 26 0
62 286 9
263 100 8
397 416 5
482 44 0
320 326 8
65 294 9
134 46 8
353 62 3
186 342 2
34 307 0
334 369 6
315 484 6
324 382 5
451 216 1
343 37 7
361 102 1
360 88 9
120 441 3
424 128 5
208 162 2
370 496 3
466 311 0
15 487 4
332 290 0
193 133 9
380 494 3
213 354 2
444 475 3
238 251 1
373 311 5
168 181 3
183 499 7
35 14 4
269 346 7
72 391 0
411 123 7
57 336 3
439 281 0
114 371 1
418 96 4
383 264 7
197 300 7
174 335 3
490 457 2
449 29 3
190 292 7
129 349 5
422 140 8
43 255 9
266 25 6
153 260 2
220 457 4
287 483 0
221 326 7
205 127 8
228 169 0
227 298 0
63 221 0
383 116 7
223 382 2
11 35 3
63 108 2
268 395 8
160 468 6
9 173 3
387 254 3
57 481 3
429 396 4
442 280 2
209 355 7
354 366 4
259 281 2
473 401 8
171 413 8
399 422 4
255 161 0
280 71 3
103 0 0
0 442 2
12 4 7
259 358 5
394 117 8
136 90 0
126 114 3
437 365 8
421 120 9
363 400 2
286 4 3
458 356 7
410 368 1
69 128 1
446 374 8
105 10 1
165 489 7
490 426 2
238 199 5
0 62 7
332 348 1
17 307 9
497 69 8
128 139 8
470 85 2
280 42 4
33 207 3
400 50 1
485 288 0
190 140 4
147 325 3
461 194 2
130 191 3
20 320 4
38 142 2
430 422 4
185 308 4
280 208 4
302 45 4
22 87 5
157 235 2
492 48 6
486 30 0
49 51 2
456 89 4
448 372 8
482 57 8
76 337 7
220 139 4
5 14 2
282 23 9
236 15 7
384 353 9
224 254 0
236 210 2
242 158 4
23 141 1
111 69 0
260 290 2
455 147 6
89 281 9
458 17 6
375 401 1
174 478 5
377 66 6
169 161 4
333 36 7
406 499 7
316 260 9
70 67 6
486 8 7
277 466 6
435 193 7
446 219 7
212 96 4
40 117 5
174 450 1
302 208 0
351 25 2
190 447 1
176 434 9
295 63 5
431 351 0
320 297 0
188 361 6
474 401 4
69 428 6
52 82 5
182 433 2
277 123 9
290 151 5
460 446 9
447 229 2
128 49 9
28 89 3
376 63 6
490 484 4
259 36 6
384 71 9
238 200 4
39 490 5
275 450 1
426 250 2
428 378 4
79 258 3
444 134 9
211 477 5
257 236 2
34 472 5
95 210 5
132 249 7
467 376 8
101 302 0
463 82 8
227 14 6
433 458 0
54 169 7
159 427 5
301 313 7
218 260 9
335 392 1
443 212 7
353 313 2
13 128 6
51 356 0
199 141 9
481 195 0
389 354 9
236 8 2
204 226 5
233 414 7
364 357 1
224 210 4
238 223 3
334 126 1
445 325 4
366 306 9
456 47 5
326 284 3
360 340 2
155 73 8
195 290 5
446 366 7
363 104 0
408 290 8
161 235 3
55 101 1
144 410 1
291 88 5
447 448 5
181 456 0
329 151 2
334 449 0
401 164 4
43 72 5
311 233 2
256 140 6
359 136 8
10 428 6
297 375 4
424 56 0
125 385 3
319 71 5
380 324 9
396 367 4
203 30 9
246 286 0
94 145 8
352 8 6
198 305 3
344 230 1
447 207 8
200 378 9
107 258 3
179 7 2
175 210 2
404 308 0
126 402 6
485 106 6
123 304 1
137 1 3
410 448 2
69 0 1
150 108 1
56 287 8
328 462 1
483 218 9
423 345 4
361 182 2
307 157 9
411 294 0
244 57 8
137 126 8
260 128 6
141 184 5
382 365 9
333 348 8
444 123 5
310 485 9
283 144 6
412 55 3
42 300 0
120 289 8
50 49 6
237 42 1
414 424 8
54 109 8
264 54 1
319 216 8
260 499 3
6 263 8
399 305 0
201 277 1
129 328 2
186 417 5
279 183 9
89 237 9
247 353 5
380 24 1
499 284 1
114 143 6
284 42 2
107 96 1
218 225 1
231 263 0
286 394 4
117 335 3
58 82 7
53 315 3
117 314 8
180 280 1
6 64 5
138 23 1
252 242 9
45 325 4
256 463 1
2 80 6
485 491 9
174 44 6
388 161 0
238 341 2
379 348 8
266 338 2
250 442 4
459 488 1
135 96 4
206 98 6
113 435 7
454 462 4
110 202 7
432 440 1
386 171 9
404 289 9
446 39 4
82 350 2
43 486 8
319 192 8
176 157 3
375 463 5
119 425 9
377 209 9
180 95 2
331 0 2
320 446 3
456 29 4
228 424 0
448 244 4
118 272 4
372 147 7
439 119 3
209 348 4
270 28 0
355 359 0
229 31 8
142 488 7
406 68 4
8 369 8
303 487 0
107 211 9
226 3 0
271 64 8
26 186 6
376 41 7
78 122 9
226 265 9
404 23 7
358 32 8
408 187 6
230 294 9
51 372 2
492 144 6
280 22 3
449 398 6
328 476 9
387 202 6
138 458 9
458 168 1
146 428 0
174 158 4
414 62 9
156 54 5
315 334 7
160 135 7
46 464 3
55 203 7
33 342 8
183 300 8
216 446 9
437 121 9
303 387 1
42 43 5
277 210 2
386 370 7
393 417 1
228 324 7
266 358 9
466 393 9
186 109 7
335 46 0
495 202 7
216 96 3
492 374 3
306 260 4
403 6 3
317 234 9
434 352 9
393 318 2
4 5 4
413 192 2
444 187 4
361 256 1
26 248 7
50 54 9
296 309 5
311 126 0
2 412 2
52 157 3
346 161 0
250 427 2
53 371 0
57 84 8
10 111 8
337 13 4
277 161 3
74 324 2
254 326 4
139 378 4
342 225 7
402 327 4
154 380 5
446 290 0
494 300 3
142 490 8
196 119 9
412 193 5
254 448 1
360 87 2
124 429 9
402 183 6
106 337 7
34 136 9
46 130 9
169 125 1
157 173 0
158 85 4
483 339 4
486 52 3
368 176 2
327 430 7
466 37 4
133 71 2
294 117 5
255 138 0
207 147 3
277 157 9
393 492 0
457 478 2
460 347 1
244 26 1
211 492 8
368 477 1
160 271 0
287 379 0
187 86 9
113 363 6
124 109 8
474 66 9
229 27 8
160 271 4
373 335 9
124 203 8
445 215 2
88 3 1
368 42 7
0 155 2
436 131 1
217 458 8
476 187 7
434 199 0
270 72 7
451 196 2
110 494 8
392 82 3
53 302 7
152 154 5
114 91 6
38 160 4
28 488 3
45 422 4
37 44 7
365 496 5
247 106 9
197 350 3
2 403 8
350 55 2
205 21 5
191 411 5
488 439 3
323 336 7
358 226 2
465 91 0
120 190 8
122 388 8
57 390 1
295 240 8
40 297 1
375 341 3
223 329 4
58 152 3
316 10 9
470 327 0
472 300 0
80 274 0
38 331 1
399 479 3
19 19 1
12 246 4
417 469 3
262 28 7
295 196 0
54 166 9
256 138 9
296 218 5
429 108 7
100 7 8
215 378 7
128 390 5
382 308 5
317 422 5
257 69 1
207 123 9
336 379 9
118 27 7
173 456 5
412 408 4
130 476 4
219 456 6
55 339 6
212 8 8
397 265 7
130 472 2
29 161 3
418 131 3
377 156 1
444 69 2
370 51 8
26 123 4
72 30 5
279 94 4
259 491 9
309 473 4
481 2 5
237 272 6
20 1 4
111 445 3
315 167 7
143 193 2
280 117 4
107 396 8
91 8 9
193 317 2
267 150 6
354 387 0
72 259 1
446 223 8
242 38 5
89 182 0
263 314 7
467 421 6
265 365 4
406 58 1
20 325 1
488 179 1
228 251 0
469 197 3
359 291 2
416 232 6
166 495 0
385 314 3
1 79 8
477 337 6
418 357 3
362 345 4
193 425 7
135 246 5
449 105 8
153 373 1
39 39 6
91 277 1
64 130 2
255 108 0
151 26 9
77 240 5
181 433 2
389 69 9
146 370 6
194 23 0
475 414 1
104 5 8
195 421 9
69 176 7
429 180 5
499 257 6
266 438 1
458 179 2
249 325 4
146 372 7
416 347 1
77 451 8
16 498 0
437 68 6
466 349 6
21 348 5
169 466 6
251 277 5
105 26 3
330 172 5
429 88 2
443 18 6
461 386 6
401 323 4
370 289 6
18 162 6
424 332 3
120 435 0
347 392 8
400 222 3
325 4 3
450 447 1
378 408 7
304 162 2
151 32 1
347 402 6
243 326 0
458 298 7
450 498 9
469 398 4
12 76 8
347 378 5
349 108 3
236 264 7
151 415 9
354 114 2
220 210 0
270 168 1
107 471 9
189 440 9
493 304 7
153 151 7
408 352 5
423 441 2
101 92 9
162 446 4
126 19 6
269 289 4
210 249 5
1 290 7
42 283 3
12 288 7
211 196 1
19 471 2
91 424 6
430 87 3
236 65 2
252 334 3
289 396 4
296 397 4
96 292 9
199 156 7
158 367 5
322 386 7
74 477 1
271 408 0
266 496 6
280 249 0
435 38 7
340 334 6
386 430 0
216 482 6
185 492 4
351 314 2
340 241 0
253 364 0
254 130 6
172 262 7
72 197 5
221 389 0
120 276 2
310 492 4
9 29 9
75 380 3
27 220 4
309 474 8
499 80 0
38 252 2
325 176 2
151 398 1
163 370 7
457 32 1
234 41 1
3 116 3
438 496 6
263 305 2
303 157 2
326 195 6
258 20 2
92 23 2
464 38 2
463 348 5
307 82 8
328 437 7
433 375 3
259 490 8
411 146 5
495 472 2
331 82 5
196 175 8
458 139 9
443 454 7
460 261 1
370 441 8
397 375 3
420 486 6
101 398 2
438 245 4
323 429 6
228 125 1
8 435 2
179 230 7
346 190 0
447 413 2
337 310 7
251 83 3
7 36 3
409 326 9
135 149 8
91 377 5
223 238 0
197 417 3
274 116 5
465 415 8
449 253 9
456 356 4
301 215 0
397 476 6
238 111 6
8 202 5
403 277 3
85 475 1
498 101 7
306 418 2
174 367 7
353 323 3
467 477 8
469 226 4
446 464 5
424 472 0
279 227 7
225 164 4
236 15 6
215 321 4
109 495 2
257 201 7
260 20 6
331 490 2
25 288 6
183 212 0
43 491 9
32 216 6
497 304 1
63 371 4
399 481 1
251 90 2
131 202 5
487 33 5
70 411 5
468 446 7
191 489 0
492 373 9
458 370 3
291 285 7
297 37 0
299 288 0
353 271 4
428 259 0
345 181 3
50 1 9
319 192 0
80 37 3
409 347 6
394 139 3
103 288 0
293 87 1
425 441 2
112 221 3
332 67 4
315 469 6
244 289 0
14 221 7
9 130 5
375 376 6
231 480 4
271 125 2
304 403 5
257 15 6
172 347 5
417 14 5
163 258 6
453 124 7
281 133 9
308 361 7
474 92 9
428 215 5

