# Start and end vertices
1 50

# Vertices
0 87 84
1 16 78
2 36 94
3 93 87
4 22 50
5 28 63
6 60 91
7 27 64
8 27 41
9 37 73
10 69 12
11 30 68
12 31 83
13 24 63
14 36 68
15 3 30
16 59 23
17 68 70
18 57 94
19 43 12
20 74 30
21 20 22
22 38 85
23 25 99
24 71 16
25 27 14
26 81 92
27 74 57
28 71 63
29 82 97
30 26 6
31 28 85
32 6 37
33 30 47
34 58 14
35 96 25
36 46 83
37 68 15
38 65 35
39 51 44
40 9 88
41 79 77
42 85 89
43 52 4
44 100 55
45 61 33
46 69 77
47 13 40
48 87 27
49 40 95
50 71 96
51 79 35
52 2 68
53 3 98
54 93 18
55 57 53
56 81 2
57 42 87
58 90 66
59 20 45
60 30 41
61 18 32
62 72 98
63 76 82
64 28 10
65 57 68
66 54 98
67 66 87
68 84 7
69 25 20
70 72 29
71 30 33
72 20 4
73 69 71
74 16 9
75 50 41
76 24 97
77 46 19
78 52 47
79 56 22
80 89 80
81 29 65
82 51 42
83 1 94
84 65 35
85 15 25
86 57 88
87 92 44
88 66 28
89 37 60
90 52 33
91 29 38
92 8 76
93 22 75
94 96 59
95 38 30
96 94 36
97 29 19
98 12 44
99 30 29

# optimal path edges
76 4 3
63 13 8
6 40 4
18 28 8
69 17 7
96 24 3
70 83 0
99 72 5
44 90 5
39 54 6
69 82 2
64 97 7
55 4 8
11 22 8
99 43 6
68 40 2
11 10 5
1 61 0
78 5 0
36 44 6
22 65 8
16 82 8
24 37 2
24 0 6
52 99 9
50 68 1
73 31 1
30 33 4
60 63 9
81 99 6
59 73 3
68 90 5
26 66 4
40 90 4
76 42 6
7 45 6
79 18 7
12 48 2
59 9 6
10 42 7
6 1 3
72 21 5
19 99 1
4 39 1
40 67 5
28 27 0
84 58 0
24 22 9
96 81 0
84 92 2
72 50 5
85 22 9
40 42 8
13 98 0
24 90 9
81 19 6
32 55 4
4 79 9
73 76 0
55 60 2
79 84 3
5 21 7
4 13 1
54 26 9
44 2 2
6 84 1
42 68 8
89 72 8
58 98 6
8 53 8
3 33 3
48 90 4
67 46 8
29 0 6
88 97 9
90 3 3
63 97 3
92 86 5
52 96 5
88 57 9
36 60 4
21 60 4
28 27 0
48 56 2
94 97 9
43 39 2
28 3 0
81 47 8
59 51 5
34 39 2
15 27 4
29 49 4
85 29 3
35 77 0
38 71 9
89 67 8
92 95 3
44 29 0
82 40 1
69 26 2
61 42 0
17 23 1
81 9 0
25 96 7
77 34 0
26 24 7
14 68 5
58 12 6
0 46 6
94 16 2
78 29 6
90 47 0
51 80 1
93 57 7
12 86 4
55 12 0
12 79 0
69 89 4
55 41 0
33 87 8
38 66 0
84 56 7
6 60 9
37 5 9
17 18 5
83 73 8
73 37 9
83 7 8
57 14 1
29 0 9
18 38 5
88 74 3
57 81 3
58 70 9
17 39 9
63 22 4
73 47 1
62 82 0
92 91 7
15 21 7
74 91 7
51 31 1
37 40 4
30 98 5
81 16 6
2 31 9
96 4 8
80 18 1
70 62 2
79 77 5
36 4 6
83 7 9
57 44 9
11 27 0
36 60 8
5 63 9
44 11 5
34 91 5
55 14 9
68 93 8
5 82 2
82 17 0
93 74 6
93 86 3
43 74 4
13 79 7
62 75 8
19 10 2
94 17 6
35 37 1
53 43 3
28 25 1
10 18 7
36 63 5
90 58 0
4 71 1
33 85 9
73 4 1
5 50 8
3 85 6
95 39 9
20 67 6
63 77 6
81 65 0
36 55 0
18 11 2
32 96 9
21 70 4
72 27 4
40 83 2
98 30 3
47 50 0
73 14 9
22 47 4
82 35 2
4 54 3
98 86 0
78 59 2
62 83 1
48 23 4
72 22 4
35 21 7
65 47 1
76 69 8
1 3 3
33 7 9
28 6 7
20 84 8
34 98 1
76 98 5
52 71 9
59 6 0
16 24 9
39 0 8
9 53 1
14 38 9
26 67 7
23 87 1
32 22 1
75 50 9
90 54 0
31 13 7
94 81 1
3 20 3
82 81 7
15 96 5
4 22 2
51 97 2
34 81 6
15 57 8
95 99 2
97 83 6
54 77 9
87 32 2
21 66 3
60 82 1
85 86 5
30 90 3
14 76 6
20 92 5
28 39 5
90 36 0
18 43 7
28 82 1
10 55 8
25 15 0
37 53 8
22 83 0
57 97 7
26 69 1
51 49 0
28 39 8
88 10 3
77 90 6
99 52 1
87 77 9
57 66 2
17 41 5
68 98 4
95 76 5
66 28 4
28 8 3
78 97 5
72 74 5
0 25 7
83 12 7
82 21 3
34 39 4
21 59 5
57 54 1
62 72 1
16 52 0
62 82 9
17 54 3
15 6 1
64 90 3
91 72 7
37 59 8
71 80 7
56 90 1
70 52 5
11 69 7
61 83 1
12 0 6
38 67 4
89 32 4
4 75 9
41 12 8
69 36 0
56 44 0
49 14 5
14 26 6
83 39 9
35 52 1
93 90 9
9 31 3
64 35 8
95 77 3
33 98 9
55 55 3
68 56 0
33 23 6
71 58 7
40 45 1
61 90 3
50 0 4
75 64 2
24 59 9
89 44 9
38 51 6
83 19 3
43 4 6
81 75 6
11 67 2
92 29 2
68 31 2
74 7 8
16 83 7
87 72 3
57 62 5
33 97 6
18 41 3
26 74 0
93 85 8
5 30 9
59 98 0
62 24 9
80 41 2
10 80 6
83 89 0
8 23 8
57 93 1
10 20 5
90 13 1
38 70 1
67 29 1
80 43 5
99 24 8
54 86 9
32 69 0
73 30 3
63 87 9
94 49 9
51 39 4
42 30 6
15 49 5
86 81 1
34 33 7
22 87 3
43 19 2
54 44 4
39 59 3
18 53 2
69 5 4
33 99 4
19 15 5
87 53 9
50 87 2
37 62 9
10 5 0
4 11 7
29 3 6
92 21 2
5 43 9
61 28 8
47 0 5
82 87 9
51 89 6
53 26 8
94 36 6
7 92 7
64 21 0
80 66 4
54 23 7
33 84 7
12 31 7
9 65 6
8 69 5
95 22 1
95 69 9
1 76 2
71 40 5
43 72 1
89 27 6
78 12 0
96 24 3
13 86 9
70 94 8
15 41 2
39 37 3
98 90 9
2 13 1
28 57 4
71 46 3
38 25 5
40 21 2
26 34 8
25 56 2
45 72 6
39 11 3
3 61 5
42 16 9
74 44 6
30 67 4
13 57 9
60 50 2
32 76 9
90 53 5
95 98 7
41 37 0
76 40 4
1 83 0
92 9 6
40 39 3
35 4 3
6 64 3
51 49 1
30 39 4
65 86 2
25 79 1
47 7 4
31 61 9
31 53 8
27 94 9
43 81 3
68 87 9
43 38 8
94 20 0
98 86 8
52 63 8
95 10 5
79 42 6
98 25 2
78 53 6
97 48 7
72 16 6
12 59 7
0 53 7
32 3 5
51 7 8
49 54 1
6 34 3
25 84 8
97 63 3
15 60 1
14 85 7
0 97 8
29 49 3
79 34 6
14 85 5
65 86 0
26 92 6
29 69 2
9 66 5
95 33 8
76 47 3
26 0 2
86 29 3
0 8 7
16 75 2
44 40 0
26 18 5
94 99 4
46 8 3
62 3 6
42 32 4
7 10 4
69 96 5
84 96 4
82 65 1
16 61 3
37 87 1
2 81 0
88 79 0
41 93 4
28 35 8
62 42 0
96 63 6
11 0 5
87 34 2
90 50 3
33 39 0
94 93 3
54 82 4
75 23 8
51 51 3
11 65 8
81 13 3
99 77 5
14 64 9
46 7 2
91 40 1
23 87 7
36 93 9
81 20 4
71 71 8
96 34 3
64 67 7
0 67 4
35 33 0

