# Start and end vertices
1 15

# Vertices
0 37 34
1 16 28
2 36 44
3 43 37
4 22 50
5 28 13
6 10 41
7 27 14
8 27 41
9 37 23
10 19 12
11 30 18
12 31 33
13 24 13
14 36 18
15 3 30
16 9 23
17 18 20
18 7 44
19 43 12
20 24 30
21 20 22
22 38 35
23 25 49
24 21 16
25 27 14
26 31 42
27 24 7
28 21 13
29 32 47

# optimal path edges
15 15 4
27 26 5
16 9 3
17 24 5
12 15 4
27 14 4
3 20 7
18 6 8
8 24 3
11 14 9
12 0 6
18 19 2
16 6 4
29 15 0
14 28 7
21 17 2
27 12 2
26 1 0
26 1 5
29 4 9
10 9 1
7 27 1
21 5 9
7 27 6
17 3 6
5 16 3
29 14 8
21 2 9
3 29 0
18 28 5
10 9 6
23 8 5
26 21 1
5 29 8
14 8 1
20 13 0
14 4 4
4 17 6
3 21 7
25 9 6
22 11 7
28 5 7
24 1 8
25 29 7
15 13 8
8 3 1
18 9 6
4 13 3
23 8 6
10 4 8
18 18 9
27 17 6
14 3 0
23 20 9
22 5 4
0 5 9
14 16 9
2 12 4
7 27 5
4 8 1
2 18 9
3 16 8
10 22 1
10 15 1
1 0 8
5 0 6
4 6 2
5 8 6
12 8 4
27 12 4
0 6 2
29 9 0
8 11 3
11 21 0
13 14 0
3 19 1
29 16 9
3 13 8
20 25 6
26 14 0
10 14 6
12 6 7
15 6 9
18 17 2
28 22 9
9 26 0
12 17 6
21 13 2
1 25 9
19 21 4
19 1 0
17 5 8
17 20 4
28 0 4
22 29 6
1 0 4
22 12 2
20 25 5
2 19 0
2 8 3
8 20 4
20 29 1
9 16 2
25 14 4
29 29 3
26 0 5
10 22 9
4 13 5
11 7 4
13 1 4
6 9 4
22 22 6
14 1 2
18 18 9
22 18 8
18 6 8
13 8 3
13 13 8
0 24 7
6 8 9
20 6 8
17 29 0
13 13 3
17 23 2
6 15 2
16 25 8
27 9 6
0 14 1
0 14 8
7 20 8
16 2 4
27 19 3
29 2 8
3 20 1
17 18 9
11 5 4
19 2 5
27 24 9
19 24 5
19 23 5
27 10 8
11 29 9
17 28 2
5 23 4
9 10 2
20 21 9
26 2 1
12 0 7
3 11 1
9 0 5
26 27 7
24 0 6
4 17 4
8 15 8
2 16 0
6 6 4
16 2 8
19 6 0
17 10 1
0 11 3
7 7 2
16 24 5
2 20 2
9 20 9
9 14 5
11 20 3
27 28 8
16 10 4
26 27 6
10 19 7
15 19 7
18 5 3
13 8 3
17 9 3
7 18 7
4 21 9
0 19 8
28 5 8
24 23 7
1 3 8
10 19 7
19 29 3
22 4 3
7 21 2
12 20 2
1 17 5
11 17 4
11 7 1
21 1 7
20 24 0
8 5 1
16 16 2
21 9 6
4 8 0
18 21 0
12 22 9
27 25 6
24 6 3
17 19 7
4 9 1

